Vehicle0: [59.3366105043,18.0695416239,0.0]
Vehicle0: [59.3367209455,18.0682035369,0.0]
Vehicle0: [59.3366916499,18.0693455938,0.0]
Vehicle0: [59.336730815,18.0688168191,0.0]
Vehicle0: [59.3366068306,18.0696933568,0.0]
Vehicle0: [59.3366005886,18.0702084061,0.0]
Vehicle0: [59.3366297995,18.0698058469,0.0]
Vehicle0: [59.3366408257,18.0681858926,0.0]
Vehicle0: [59.3366752511,18.0692457053,0.0]
Vehicle0: [59.3367420475,18.0692154068,0.0]
Vehicle0: [59.3366143245,18.0696659182,0.0]
Vehicle0: [59.3365989289,18.0692519762,0.0]
Vehicle0: [59.3366588309,18.0694431885,0.0]
Vehicle0: [59.3366758225,18.0699865074,0.0]
Vehicle0: [59.3366657011,18.0703464277,0.0]
Vehicle0: [59.3366640667,18.0686816941,0.0]
Vehicle0: [59.3366164316,18.0678361515,0.0]
Vehicle0: [59.3365947197,18.0698951121,0.0]
Vehicle0: [59.336729592,18.0678421847,0.0]
Vehicle0: [59.3365959878,18.0692510184,0.0]
Vehicle0: [59.336606582,18.0677924832,0.0]
Vehicle0: [59.3365977886,18.0692069995,0.0]
Vehicle0: [59.3367191004,18.0684409916,0.0]
Vehicle0: [59.3367216255,18.0692954732,0.0]
Vehicle0: [59.3366277442,18.067676376,0.0]
Vehicle0: [59.3367477779,18.0702725691,0.0]
Vehicle0: [59.3366468751,18.0680739722,0.0]
Vehicle0: [59.3365945527,18.0703348928,0.0]
Vehicle0: [59.3367276019,18.0688462875,0.0]
Vehicle0: [59.3367483762,18.0681231167,0.0]
Vehicle0: [59.3366206069,18.0699539789,0.0]
Vehicle0: [59.3366567642,18.0685851096,0.0]
Vehicle0: [59.3366245752,18.0688382174,0.0]
Vehicle0: [59.3366569454,18.0692635995,0.0]
Vehicle0: [59.3366061794,18.0689960618,0.0]
Vehicle0: [59.3366747104,18.0702677914,0.0]
Vehicle0: [59.3366286552,18.0690954099,0.0]
Vehicle0: [59.3367423719,18.0686574009,0.0]
Vehicle0: [59.3367502406,18.069194447,0.0]
Vehicle0: [59.3366058196,18.0687503477,0.0]
Vehicle0: [59.3367298907,18.0680360194,0.0]
Vehicle0: [59.3367170633,18.0681248086,0.0]
Vehicle0: [59.3367137647,18.069379218,0.0]
Vehicle0: [59.3366899419,18.067718489,0.0]
Vehicle0: [59.3367327081,18.0706973167,0.0]
Vehicle0: [59.3366110703,18.0686725477,0.0]
Vehicle0: [59.3366702486,18.067698955,0.0]
Vehicle0: [59.3366588859,18.0706793123,0.0]
Vehicle0: [59.3367494468,18.0675385886,0.0]
Vehicle0: [59.3366556503,18.067533345,0.0]
Vehicle0: [59.3367503147,18.0687639496,0.0]
Vehicle0: [59.3366950746,18.0685872491,0.0]
Vehicle0: [59.3366127372,18.0701546,0.0]
Vehicle0: [59.3366588912,18.0680359347,0.0]
Vehicle0: [59.3367283561,18.0693843789,0.0]
Vehicle0: [59.3366433221,18.0705737205,0.0]
Vehicle0: [59.3367449001,18.0697672049,0.0]
Vehicle0: [59.3366575219,18.0705823588,0.0]
Vehicle0: [59.3366506817,18.0702081394,0.0]
Vehicle0: [59.3367208682,18.069201221,0.0]
Vehicle0: [59.3366151394,18.0706800475,0.0]
Vehicle0: [59.3366442717,18.0704315154,0.0]
Vehicle0: [59.3366734828,18.0680791782,0.0]
Vehicle0: [59.336731307,18.0684618757,0.0]
Vehicle0: [59.3366683898,18.0680698346,0.0]
Vehicle0: [59.3367032158,18.0704964527,0.0]
Vehicle0: [59.3366435143,18.0699802426,0.0]
Vehicle0: [59.3366114179,18.0687211528,0.0]
Vehicle0: [59.3367153127,18.0677323383,0.0]
Vehicle0: [59.3366062018,18.0701599515,0.0]
Vehicle0: [59.3366006144,18.0684216532,0.0]
Vehicle0: [59.3367318017,18.0683020272,0.0]
Vehicle0: [59.3365959164,18.067857856,0.0]
Vehicle0: [59.3366047496,18.0687493749,0.0]
Vehicle0: [59.3366377225,18.0690641213,0.0]
Vehicle0: [59.336606893,18.0703193339,0.0]
Vehicle0: [59.3366192132,18.0692434571,0.0]
Vehicle0: [59.3366892856,18.070056364,0.0]
Vehicle0: [59.3366187565,18.0695722592,0.0]
Vehicle0: [59.3366154571,18.0698857806,0.0]
Vehicle0: [59.3366534592,18.0691220779,0.0]
Vehicle0: [59.3366212847,18.0676231136,0.0]
Vehicle0: [59.3367075105,18.0687280625,0.0]
Vehicle0: [59.3366815151,18.0700542643,0.0]
Vehicle0: [59.3366388536,18.070039461,0.0]
Vehicle0: [59.3367010344,18.0680985427,0.0]
Vehicle0: [59.3367481323,18.0698094525,0.0]
Vehicle0: [59.3366915649,18.0698704935,0.0]
Vehicle0: [59.336614624,18.0676462837,0.0]
Vehicle0: [59.3366225442,18.0686822219,0.0]
Vehicle0: [59.3366203147,18.0689404601,0.0]
Vehicle0: [59.3367063262,18.0700848241,0.0]
Vehicle0: [59.3366657173,18.0683425158,0.0]
Vehicle0: [59.3367009912,18.0702435874,0.0]
Vehicle0: [59.3366043758,18.0678666319,0.0]
Vehicle0: [59.3367275469,18.0697533719,0.0]
Vehicle0: [59.3367341646,18.0678428491,0.0]
Vehicle0: [59.3366697191,18.0701582972,0.0]
Vehicle0: [59.336641612,18.0706741272,0.0]
Vehicle0: [59.3367187516,18.0705722493,0.0]
Vehicle0: [59.3366761455,18.0697112991,0.0]
Vehicle0: [59.3366293198,18.0688230843,0.0]
Vehicle0: [59.3366349941,18.0706384669,0.0]
Vehicle0: [59.3366598614,18.0676915657,0.0]
Vehicle0: [59.3367117764,18.0700287366,0.0]
Vehicle0: [59.3366727848,18.0676584505,0.0]
Vehicle0: [59.3366478522,18.0676306705,0.0]
Vehicle0: [59.3366534321,18.0694618628,0.0]
Vehicle0: [59.336708652,18.068310174,0.0]
Vehicle0: [59.3366240112,18.0694645226,0.0]
Vehicle0: [59.3366105012,18.0696937266,0.0]
Vehicle0: [59.3366029554,18.0707251848,0.0]
Vehicle0: [59.3367249663,18.0689310481,0.0]
Vehicle0: [59.3366430152,18.0695336914,0.0]
Vehicle0: [59.3366370225,18.0706204041,0.0]
Vehicle0: [59.3367017258,18.0687577806,0.0]
Vehicle0: [59.3366581766,18.0681234326,0.0]
Vehicle0: [59.3366030602,18.0705327701,0.0]
Vehicle0: [59.3366411152,18.0685026566,0.0]
Vehicle0: [59.3366174647,18.0698457918,0.0]
Vehicle0: [59.3367442061,18.0684128716,0.0]
Vehicle0: [59.3367173013,18.0699335266,0.0]
Vehicle0: [59.3366661564,18.0684885345,0.0]
Vehicle0: [59.3366610551,18.0690453939,0.0]
Vehicle0: [59.3366249994,18.0688120764,0.0]
Vehicle0: [59.3366146688,18.0678134898,0.0]
Vehicle0: [59.3367033968,18.0706722842,0.0]
