Vehicle1: [59.3365935,18.0674845,0.0]
Vehicle1: [59.3365936571,18.0674877544,0.0]
Vehicle1: [59.3365938142,18.0674910088,0.0]
Vehicle1: [59.3365939713,18.0674942632,0.0]
Vehicle1: [59.3365941284,18.0674975176,0.0]
Vehicle1: [59.3365942855,18.067500772,0.0]
Vehicle1: [59.3365944426,18.0675040264,0.0]
Vehicle1: [59.3365945997,18.0675072808,0.0]
Vehicle1: [59.3365947568,18.0675105352,0.0]
Vehicle1: [59.3365949139,18.0675137896,0.0]
Vehicle1: [59.336595071,18.067517044,0.0]
Vehicle1: [59.3365952281,18.0675202984,0.0]
Vehicle1: [59.3365953852,18.0675235528,0.0]
Vehicle1: [59.3365955423,18.0675268072,0.0]
Vehicle1: [59.3365956994,18.0675300616,0.0]
Vehicle1: [59.3365958565,18.067533316,0.0]
Vehicle1: [59.3365960136,18.0675365704,0.0]
Vehicle1: [59.3365961707,18.0675398248,0.0]
Vehicle1: [59.3365963278,18.0675430792,0.0]
Vehicle1: [59.3365964849,18.0675463336,0.0]
Vehicle1: [59.336596642,18.067549588,0.0]
Vehicle1: [59.3365967991,18.0675528424,0.0]
Vehicle1: [59.3365969562,18.0675560968,0.0]
Vehicle1: [59.3365971133,18.0675593512,0.0]
Vehicle1: [59.3365972704,18.0675626056,0.0]
Vehicle1: [59.3365974275,18.06756586,0.0]
Vehicle1: [59.3365975846,18.0675691144,0.0]
Vehicle1: [59.3365977417,18.0675723688,0.0]
Vehicle1: [59.3365978988,18.0675756232,0.0]
Vehicle1: [59.3365980559,18.0675788776,0.0]
Vehicle1: [59.336598213,18.067582132,0.0]
Vehicle1: [59.3365983701,18.0675853864,0.0]
Vehicle1: [59.3365985272,18.0675886408,0.0]
Vehicle1: [59.3365986843,18.0675918952,0.0]
Vehicle1: [59.3365988414,18.0675951496,0.0]
Vehicle1: [59.3365989985,18.067598404,0.0]
Vehicle1: [59.3365991556,18.0676016584,0.0]
Vehicle1: [59.3365993127,18.0676049128,0.0]
Vehicle1: [59.3365994698,18.0676081672,0.0]
Vehicle1: [59.3365996269,18.0676114216,0.0]
Vehicle1: [59.336599784,18.067614676,0.0]
Vehicle1: [59.3365999411,18.0676179304,0.0]
Vehicle1: [59.3366000982,18.0676211848,0.0]
Vehicle1: [59.3366002553,18.0676244392,0.0]
Vehicle1: [59.3366004124,18.0676276936,0.0]
Vehicle1: [59.3366005695,18.067630948,0.0]
Vehicle1: [59.3366007266,18.0676342024,0.0]
Vehicle1: [59.3366008837,18.0676374568,0.0]
Vehicle1: [59.3366010408,18.0676407112,0.0]
Vehicle1: [59.3366011979,18.0676439656,0.0]
Vehicle1: [59.336601355,18.06764722,0.0]
Vehicle1: [59.3366015121,18.0676504744,0.0]
Vehicle1: [59.3366016692,18.0676537288,0.0]
Vehicle1: [59.3366018263,18.0676569832,0.0]
Vehicle1: [59.3366019834,18.0676602376,0.0]
Vehicle1: [59.3366021405,18.067663492,0.0]
Vehicle1: [59.3366022976,18.0676667464,0.0]
Vehicle1: [59.3366024547,18.0676700008,0.0]
Vehicle1: [59.3366026118,18.0676732552,0.0]
Vehicle1: [59.3366027689,18.0676765096,0.0]
Vehicle1: [59.336602926,18.067679764,0.0]
Vehicle1: [59.3366030831,18.0676830184,0.0]
Vehicle1: [59.3366032402,18.0676862728,0.0]
Vehicle1: [59.3366033973,18.0676895272,0.0]
Vehicle1: [59.3366035544,18.0676927816,0.0]
Vehicle1: [59.3366037115,18.067696036,0.0]
Vehicle1: [59.3366038686,18.0676992904,0.0]
Vehicle1: [59.3366040257,18.0677025448,0.0]
Vehicle1: [59.3366041828,18.0677057992,0.0]
Vehicle1: [59.3366043399,18.0677090536,0.0]
Vehicle1: [59.336604497,18.067712308,0.0]
Vehicle1: [59.3366046541,18.0677155624,0.0]
Vehicle1: [59.3366048112,18.0677188168,0.0]
Vehicle1: [59.3366049683,18.0677220712,0.0]
Vehicle1: [59.3366051254,18.0677253256,0.0]
Vehicle1: [59.3366052825,18.06772858,0.0]
Vehicle1: [59.3366054396,18.0677318344,0.0]
Vehicle1: [59.3366055967,18.0677350888,0.0]
Vehicle1: [59.3366057538,18.0677383432,0.0]
Vehicle1: [59.3366059109,18.0677415976,0.0]
Vehicle1: [59.336606068,18.067744852,0.0]
Vehicle1: [59.3366062251,18.0677481064,0.0]
Vehicle1: [59.3366063822,18.0677513608,0.0]
Vehicle1: [59.3366065393,18.0677546152,0.0]
Vehicle1: [59.3366066964,18.0677578696,0.0]
Vehicle1: [59.3366068535,18.067761124,0.0]
Vehicle1: [59.3366070106,18.0677643784,0.0]
Vehicle1: [59.3366071677,18.0677676328,0.0]
Vehicle1: [59.3366073248,18.0677708872,0.0]
Vehicle1: [59.3366074819,18.0677741416,0.0]
Vehicle1: [59.336607639,18.067777396,0.0]
Vehicle1: [59.3366077961,18.0677806504,0.0]
Vehicle1: [59.3366079532,18.0677839048,0.0]
Vehicle1: [59.3366081103,18.0677871592,0.0]
Vehicle1: [59.3366082674,18.0677904136,0.0]
Vehicle1: [59.3366084245,18.067793668,0.0]
Vehicle1: [59.3366085816,18.0677969224,0.0]
Vehicle1: [59.3366087387,18.0678001768,0.0]
Vehicle1: [59.3366088958,18.0678034312,0.0]
Vehicle1: [59.3366090529,18.0678066856,0.0]
Vehicle1: [59.33660921,18.06780994,0.0]
Vehicle1: [59.3366093671,18.0678131944,0.0]
Vehicle1: [59.3366095242,18.0678164488,0.0]
Vehicle1: [59.3366096813,18.0678197032,0.0]
Vehicle1: [59.3366098384,18.0678229576,0.0]
Vehicle1: [59.3366099955,18.067826212,0.0]
Vehicle1: [59.3366101526,18.0678294664,0.0]
Vehicle1: [59.3366103097,18.0678327208,0.0]
Vehicle1: [59.3366104668,18.0678359752,0.0]
Vehicle1: [59.3366106239,18.0678392296,0.0]
Vehicle1: [59.336610781,18.067842484,0.0]
Vehicle1: [59.3366109381,18.0678457384,0.0]
Vehicle1: [59.3366110952,18.0678489928,0.0]
Vehicle1: [59.3366112523,18.0678522472,0.0]
Vehicle1: [59.3366114094,18.0678555016,0.0]
Vehicle1: [59.3366115665,18.067858756,0.0]
Vehicle1: [59.3366117236,18.0678620104,0.0]
Vehicle1: [59.3366118807,18.0678652648,0.0]
Vehicle1: [59.3366120378,18.0678685192,0.0]
Vehicle1: [59.3366121949,18.0678717736,0.0]
Vehicle1: [59.336612352,18.067875028,0.0]
Vehicle1: [59.3366125091,18.0678782824,0.0]
Vehicle1: [59.3366126662,18.0678815368,0.0]
Vehicle1: [59.3366128233,18.0678847912,0.0]
Vehicle1: [59.3366129804,18.0678880456,0.0]
Vehicle1: [59.3366131375,18.0678913,0.0]
Vehicle1: [59.3366132946,18.0678945544,0.0]
Vehicle1: [59.3366134517,18.0678978088,0.0]
Vehicle1: [59.3366136088,18.0679010632,0.0]
Vehicle1: [59.3366137659,18.0679043176,0.0]
Vehicle1: [59.336613923,18.067907572,0.0]
Vehicle1: [59.3366140801,18.0679108264,0.0]
Vehicle1: [59.3366142372,18.0679140808,0.0]
Vehicle1: [59.3366143943,18.0679173352,0.0]
Vehicle1: [59.3366145514,18.0679205896,0.0]
Vehicle1: [59.3366147085,18.067923844,0.0]
Vehicle1: [59.3366148656,18.0679270984,0.0]
Vehicle1: [59.3366150227,18.0679303528,0.0]
Vehicle1: [59.3366151798,18.0679336072,0.0]
Vehicle1: [59.3366153369,18.0679368616,0.0]
Vehicle1: [59.336615494,18.067940116,0.0]
Vehicle1: [59.3366156511,18.0679433704,0.0]
Vehicle1: [59.3366158082,18.0679466248,0.0]
Vehicle1: [59.3366159653,18.0679498792,0.0]
Vehicle1: [59.3366161224,18.0679531336,0.0]
Vehicle1: [59.3366162795,18.067956388,0.0]
Vehicle1: [59.3366164366,18.0679596424,0.0]
Vehicle1: [59.3366165937,18.0679628968,0.0]
Vehicle1: [59.3366167508,18.0679661512,0.0]
Vehicle1: [59.3366169079,18.0679694056,0.0]
Vehicle1: [59.336617065,18.06797266,0.0]
Vehicle1: [59.3366172221,18.0679759144,0.0]
Vehicle1: [59.3366173792,18.0679791688,0.0]
Vehicle1: [59.3366175363,18.0679824232,0.0]
Vehicle1: [59.3366176934,18.0679856776,0.0]
Vehicle1: [59.3366178505,18.067988932,0.0]
Vehicle1: [59.3366180076,18.0679921864,0.0]
Vehicle1: [59.3366181647,18.0679954408,0.0]
Vehicle1: [59.3366183218,18.0679986952,0.0]
Vehicle1: [59.3366184789,18.0680019496,0.0]
Vehicle1: [59.336618636,18.068005204,0.0]
Vehicle1: [59.3366187931,18.0680084584,0.0]
Vehicle1: [59.3366189502,18.0680117128,0.0]
Vehicle1: [59.3366191073,18.0680149672,0.0]
Vehicle1: [59.3366192644,18.0680182216,0.0]
Vehicle1: [59.3366194215,18.068021476,0.0]
Vehicle1: [59.3366195786,18.0680247304,0.0]
Vehicle1: [59.3366197357,18.0680279848,0.0]
Vehicle1: [59.3366198928,18.0680312392,0.0]
Vehicle1: [59.3366200499,18.0680344936,0.0]
Vehicle1: [59.336620207,18.068037748,0.0]
Vehicle1: [59.3366203641,18.0680410024,0.0]
Vehicle1: [59.3366205212,18.0680442568,0.0]
Vehicle1: [59.3366206783,18.0680475112,0.0]
Vehicle1: [59.3366208354,18.0680507656,0.0]
Vehicle1: [59.3366209925,18.06805402,0.0]
Vehicle1: [59.3366211496,18.0680572744,0.0]
Vehicle1: [59.3366213067,18.0680605288,0.0]
Vehicle1: [59.3366214638,18.0680637832,0.0]
Vehicle1: [59.3366216209,18.0680670376,0.0]
Vehicle1: [59.336621778,18.068070292,0.0]
Vehicle1: [59.3366219351,18.0680735464,0.0]
Vehicle1: [59.3366220922,18.0680768008,0.0]
Vehicle1: [59.3366222493,18.0680800552,0.0]
Vehicle1: [59.3366224064,18.0680833096,0.0]
Vehicle1: [59.3366225635,18.068086564,0.0]
Vehicle1: [59.3366227206,18.0680898184,0.0]
Vehicle1: [59.3366228777,18.0680930728,0.0]
Vehicle1: [59.3366230348,18.0680963272,0.0]
Vehicle1: [59.3366231919,18.0680995816,0.0]
Vehicle1: [59.336623349,18.068102836,0.0]
Vehicle1: [59.3366235061,18.0681060904,0.0]
Vehicle1: [59.3366236632,18.0681093448,0.0]
Vehicle1: [59.3366238203,18.0681125992,0.0]
Vehicle1: [59.3366239774,18.0681158536,0.0]
Vehicle1: [59.3366241345,18.068119108,0.0]
Vehicle1: [59.3366242916,18.0681223624,0.0]
Vehicle1: [59.3366244487,18.0681256168,0.0]
Vehicle1: [59.3366246058,18.0681288712,0.0]
Vehicle1: [59.3366247629,18.0681321256,0.0]
Vehicle1: [59.33662492,18.06813538,0.0]
Vehicle1: [59.3366250771,18.0681386344,0.0]
Vehicle1: [59.3366252342,18.0681418888,0.0]
Vehicle1: [59.3366253913,18.0681451432,0.0]
Vehicle1: [59.3366255484,18.0681483976,0.0]
Vehicle1: [59.3366257055,18.068151652,0.0]
Vehicle1: [59.3366258626,18.0681549064,0.0]
Vehicle1: [59.3366260197,18.0681581608,0.0]
Vehicle1: [59.3366261768,18.0681614152,0.0]
Vehicle1: [59.3366263339,18.0681646696,0.0]
Vehicle1: [59.336626491,18.068167924,0.0]
Vehicle1: [59.3366266481,18.0681711784,0.0]
Vehicle1: [59.3366268052,18.0681744328,0.0]
Vehicle1: [59.3366269623,18.0681776872,0.0]        
Vehicle1: [59.3366271194,18.0681809416,0.0]
Vehicle1: [59.3366272765,18.068184196,0.0]
Vehicle1: [59.3366274336,18.0681874504,0.0]
Vehicle1: [59.3366275907,18.0681907048,0.0]
Vehicle1: [59.3366277478,18.0681939592,0.0]
Vehicle1: [59.3366279049,18.0681972136,0.0]
Vehicle1: [59.336628062,18.068200468,0.0]
Vehicle1: [59.3366282191,18.0682037224,0.0]
Vehicle1: [59.3366283762,18.0682069768,0.0]
Vehicle1: [59.3366285333,18.0682102312,0.0]
Vehicle1: [59.3366286904,18.0682134856,0.0]
Vehicle1: [59.3366288475,18.06821674,0.0]
Vehicle1: [59.3366290046,18.0682199944,0.0]
Vehicle1: [59.3366291617,18.0682232488,0.0]
Vehicle1: [59.3366293188,18.0682265032,0.0]
Vehicle1: [59.3366294759,18.0682297576,0.0]
Vehicle1: [59.336629633,18.068233012,0.0]
Vehicle1: [59.3366297901,18.0682362664,0.0]
Vehicle1: [59.3366299472,18.0682395208,0.0]
Vehicle1: [59.3366301043,18.0682427752,0.0]
Vehicle1: [59.3366302614,18.0682460296,0.0]
Vehicle1: [59.3366304185,18.068249284,0.0]
Vehicle1: [59.3366305756,18.0682525384,0.0]
Vehicle1: [59.3366307327,18.0682557928,0.0]
Vehicle1: [59.3366308898,18.0682590472,0.0]
Vehicle1: [59.3366310469,18.0682623016,0.0]
Vehicle1: [59.336631204,18.068265556,0.0]
Vehicle1: [59.3366313611,18.0682688104,0.0]
Vehicle1: [59.3366315182,18.0682720648,0.0]
Vehicle1: [59.3366316753,18.0682753192,0.0]
Vehicle1: [59.3366318324,18.0682785736,0.0]
Vehicle1: [59.3366319895,18.068281828,0.0]
Vehicle1: [59.3366321466,18.0682850824,0.0]
Vehicle1: [59.3366323037,18.0682883368,0.0]
Vehicle1: [59.3366324608,18.0682915912,0.0]
Vehicle1: [59.3366326179,18.0682948456,0.0]
Vehicle1: [59.336632775,18.0682981,0.0]
Vehicle1: [59.3366329321,18.0683013544,0.0]
Vehicle1: [59.3366330892,18.0683046088,0.0]
Vehicle1: [59.3366332463,18.0683078632,0.0]
Vehicle1: [59.3366334034,18.0683111176,0.0]
Vehicle1: [59.3366335605,18.068314372,0.0]
Vehicle1: [59.3366337176,18.0683176264,0.0]
Vehicle1: [59.3366338747,18.0683208808,0.0]
Vehicle1: [59.3366340318,18.0683241352,0.0]
Vehicle1: [59.3366341889,18.0683273896,0.0]
Vehicle1: [59.336634346,18.068330644,0.0]
Vehicle1: [59.3366345031,18.0683338984,0.0]
Vehicle1: [59.3366346602,18.0683371528,0.0]
Vehicle1: [59.3366348173,18.0683404072,0.0]
Vehicle1: [59.3366349744,18.0683436616,0.0]
Vehicle1: [59.3366351315,18.068346916,0.0]
Vehicle1: [59.3366352886,18.0683501704,0.0]
Vehicle1: [59.3366354457,18.0683534248,0.0]
Vehicle1: [59.3366356028,18.0683566792,0.0]
Vehicle1: [59.3366357599,18.0683599336,0.0]
Vehicle1: [59.336635917,18.068363188,0.0]
Vehicle1: [59.3366360741,18.0683664424,0.0]
Vehicle1: [59.3366362312,18.0683696968,0.0]
Vehicle1: [59.3366363883,18.0683729512,0.0]
Vehicle1: [59.3366365454,18.0683762056,0.0]
Vehicle1: [59.3366367025,18.06837946,0.0]
Vehicle1: [59.3366368596,18.0683827144,0.0]
Vehicle1: [59.3366370167,18.0683859688,0.0]
Vehicle1: [59.3366371738,18.0683892232,0.0]
Vehicle1: [59.3366373309,18.0683924776,0.0]
Vehicle1: [59.336637488,18.068395732,0.0]
Vehicle1: [59.3366376451,18.0683989864,0.0]
Vehicle1: [59.3366378022,18.0684022408,0.0]
Vehicle1: [59.3366379593,18.0684054952,0.0]
Vehicle1: [59.3366381164,18.0684087496,0.0]
Vehicle1: [59.3366382735,18.068412004,0.0]
Vehicle1: [59.3366384306,18.0684152584,0.0]
Vehicle1: [59.3366385877,18.0684185128,0.0]
Vehicle1: [59.3366387448,18.0684217672,0.0]
Vehicle1: [59.3366389019,18.0684250216,0.0]
Vehicle1: [59.336639059,18.068428276,0.0]
Vehicle1: [59.3366392161,18.0684315304,0.0]
Vehicle1: [59.3366393732,18.0684347848,0.0]
Vehicle1: [59.3366395303,18.0684380392,0.0]
Vehicle1: [59.3366396874,18.0684412936,0.0]
Vehicle1: [59.3366398445,18.068444548,0.0]
Vehicle1: [59.3366400016,18.0684478024,0.0]
Vehicle1: [59.3366401587,18.0684510568,0.0]
Vehicle1: [59.3366403158,18.0684543112,0.0]
Vehicle1: [59.3366404729,18.0684575656,0.0]
Vehicle1: [59.33664063,18.06846082,0.0]
Vehicle1: [59.3366407871,18.0684640744,0.0]
Vehicle1: [59.3366409442,18.0684673288,0.0]
Vehicle1: [59.3366411013,18.0684705832,0.0]
Vehicle1: [59.3366412584,18.0684738376,0.0]
Vehicle1: [59.3366414155,18.068477092,0.0]
Vehicle1: [59.3366415726,18.0684803464,0.0]
Vehicle1: [59.3366417297,18.0684836008,0.0]
Vehicle1: [59.3366418868,18.0684868552,0.0]
Vehicle1: [59.3366420439,18.0684901096,0.0]
Vehicle1: [59.336642201,18.068493364,0.0]
Vehicle1: [59.3366423581,18.0684966184,0.0]
Vehicle1: [59.3366425152,18.0684998728,0.0]
Vehicle1: [59.3366426723,18.0685031272,0.0]
Vehicle1: [59.3366428294,18.0685063816,0.0]
Vehicle1: [59.3366429865,18.068509636,0.0]
Vehicle1: [59.3366431436,18.0685128904,0.0]
Vehicle1: [59.3366433007,18.0685161448,0.0]
Vehicle1: [59.3366434578,18.0685193992,0.0]
Vehicle1: [59.3366436149,18.0685226536,0.0]
Vehicle1: [59.336643772,18.068525908,0.0]
Vehicle1: [59.3366439291,18.0685291624,0.0]
Vehicle1: [59.3366440862,18.0685324168,0.0]
Vehicle1: [59.3366442433,18.0685356712,0.0]
Vehicle1: [59.3366444004,18.0685389256,0.0]
Vehicle1: [59.3366445575,18.06854218,0.0]
Vehicle1: [59.3366447146,18.0685454344,0.0]
Vehicle1: [59.3366448717,18.0685486888,0.0]
Vehicle1: [59.3366450288,18.0685519432,0.0]
Vehicle1: [59.3366451859,18.0685551976,0.0]
Vehicle1: [59.336645343,18.068558452,0.0]
Vehicle1: [59.3366455001,18.0685617064,0.0]
Vehicle1: [59.3366456572,18.0685649608,0.0]
Vehicle1: [59.3366458143,18.0685682152,0.0]
Vehicle1: [59.3366459714,18.0685714696,0.0]
Vehicle1: [59.3366461285,18.068574724,0.0]
Vehicle1: [59.3366462856,18.0685779784,0.0]
Vehicle1: [59.3366464427,18.0685812328,0.0]
Vehicle1: [59.3366465998,18.0685844872,0.0]
Vehicle1: [59.3366467569,18.0685877416,0.0]
Vehicle1: [59.336646914,18.068590996,0.0]
Vehicle1: [59.3366470711,18.0685942504,0.0]
Vehicle1: [59.3366472282,18.0685975048,0.0]
Vehicle1: [59.3366473853,18.0686007592,0.0]
Vehicle1: [59.3366475424,18.0686040136,0.0]
Vehicle1: [59.3366476995,18.068607268,0.0]
Vehicle1: [59.3366478566,18.0686105224,0.0]
Vehicle1: [59.3366480137,18.0686137768,0.0]
Vehicle1: [59.3366481708,18.0686170312,0.0]
Vehicle1: [59.3366483279,18.0686202856,0.0]
Vehicle1: [59.336648485,18.06862354,0.0]
Vehicle1: [59.3366486421,18.0686267944,0.0]
Vehicle1: [59.3366487992,18.0686300488,0.0]
Vehicle1: [59.3366489563,18.0686333032,0.0]
Vehicle1: [59.3366491134,18.0686365576,0.0]
Vehicle1: [59.3366492705,18.068639812,0.0]
Vehicle1: [59.3366494276,18.0686430664,0.0]
Vehicle1: [59.3366495847,18.0686463208,0.0]
Vehicle1: [59.3366497418,18.0686495752,0.0]
Vehicle1: [59.3366498989,18.0686528296,0.0]
Vehicle1: [59.336650056,18.068656084,0.0]
Vehicle1: [59.3366502131,18.0686593384,0.0]
Vehicle1: [59.3366503702,18.0686625928,0.0]
Vehicle1: [59.3366505273,18.0686658472,0.0]
Vehicle1: [59.3366506844,18.0686691016,0.0]
Vehicle1: [59.3366508415,18.068672356,0.0]
Vehicle1: [59.3366509986,18.0686756104,0.0]
Vehicle1: [59.3366511557,18.0686788648,0.0]
Vehicle1: [59.3366513128,18.0686821192,0.0]
Vehicle1: [59.3366514699,18.0686853736,0.0]
Vehicle1: [59.336651627,18.068688628,0.0]
Vehicle1: [59.3366517841,18.0686918824,0.0]
Vehicle1: [59.3366519412,18.0686951368,0.0]
Vehicle1: [59.3366520983,18.0686983912,0.0]
Vehicle1: [59.3366522554,18.0687016456,0.0]
Vehicle1: [59.3366524125,18.0687049,0.0]
Vehicle1: [59.3366525696,18.0687081544,0.0]
Vehicle1: [59.3366527267,18.0687114088,0.0]
Vehicle1: [59.3366528838,18.0687146632,0.0]
Vehicle1: [59.3366530409,18.0687179176,0.0]
Vehicle1: [59.336653198,18.068721172,0.0]
Vehicle1: [59.3366533551,18.0687244264,0.0]
Vehicle1: [59.3366535122,18.0687276808,0.0]
Vehicle1: [59.3366536693,18.0687309352,0.0]
Vehicle1: [59.3366538264,18.0687341896,0.0]
Vehicle1: [59.3366539835,18.068737444,0.0]
Vehicle1: [59.3366541406,18.0687406984,0.0]
Vehicle1: [59.3366542977,18.0687439528,0.0]
Vehicle1: [59.3366544548,18.0687472072,0.0]
Vehicle1: [59.3366546119,18.0687504616,0.0]
Vehicle1: [59.336654769,18.068753716,0.0]
Vehicle1: [59.3366549261,18.0687569704,0.0]
Vehicle1: [59.3366550832,18.0687602248,0.0]
Vehicle1: [59.3366552403,18.0687634792,0.0]
Vehicle1: [59.3366553974,18.0687667336,0.0]
Vehicle1: [59.3366555545,18.068769988,0.0]
Vehicle1: [59.3366557116,18.0687732424,0.0]
Vehicle1: [59.3366558687,18.0687764968,0.0]
Vehicle1: [59.3366560258,18.0687797512,0.0]
Vehicle1: [59.3366561829,18.0687830056,0.0]
Vehicle1: [59.33665634,18.06878626,0.0]
Vehicle1: [59.3366564971,18.0687895144,0.0]
Vehicle1: [59.3366566542,18.0687927688,0.0]
Vehicle1: [59.3366568113,18.0687960232,0.0]
Vehicle1: [59.3366569684,18.0687992776,0.0]
Vehicle1: [59.3366571255,18.068802532,0.0]
Vehicle1: [59.3366572826,18.0688057864,0.0]
Vehicle1: [59.3366574397,18.0688090408,0.0]
Vehicle1: [59.3366575968,18.0688122952,0.0]
Vehicle1: [59.3366577539,18.0688155496,0.0]
Vehicle1: [59.336657911,18.068818804,0.0]
Vehicle1: [59.3366580681,18.0688220584,0.0]
Vehicle1: [59.3366582252,18.0688253128,0.0]
Vehicle1: [59.3366583823,18.0688285672,0.0]
Vehicle1: [59.3366585394,18.0688318216,0.0]
Vehicle1: [59.3366586965,18.068835076,0.0]
Vehicle1: [59.3366588536,18.0688383304,0.0]
Vehicle1: [59.3366590107,18.0688415848,0.0]
Vehicle1: [59.3366591678,18.0688448392,0.0]
Vehicle1: [59.3366593249,18.0688480936,0.0]
Vehicle1: [59.336659482,18.068851348,0.0]
Vehicle1: [59.3366596391,18.0688546024,0.0]
Vehicle1: [59.3366597962,18.0688578568,0.0]
Vehicle1: [59.3366599533,18.0688611112,0.0]
Vehicle1: [59.3366601104,18.0688643656,0.0]
Vehicle1: [59.3366602675,18.06886762,0.0]
Vehicle1: [59.3366604246,18.0688708744,0.0]
Vehicle1: [59.3366605817,18.0688741288,0.0]
Vehicle1: [59.3366607388,18.0688773832,0.0]
Vehicle1: [59.3366608959,18.0688806376,0.0]
Vehicle1: [59.336661053,18.068883892,0.0]
Vehicle1: [59.3366612101,18.0688871464,0.0]
Vehicle1: [59.3366613672,18.0688904008,0.0]
Vehicle1: [59.3366615243,18.0688936552,0.0]
Vehicle1: [59.3366616814,18.0688969096,0.0]
Vehicle1: [59.3366618385,18.068900164,0.0]
Vehicle1: [59.3366619956,18.0689034184,0.0]
Vehicle1: [59.3366621527,18.0689066728,0.0]
Vehicle1: [59.3366623098,18.0689099272,0.0]
Vehicle1: [59.3366624669,18.0689131816,0.0]
Vehicle1: [59.336662624,18.068916436,0.0]
Vehicle1: [59.3366627811,18.0689196904,0.0]
Vehicle1: [59.3366629382,18.0689229448,0.0]
Vehicle1: [59.3366630953,18.0689261992,0.0]
Vehicle1: [59.3366632524,18.0689294536,0.0]
Vehicle1: [59.3366634095,18.068932708,0.0]
Vehicle1: [59.3366635666,18.0689359624,0.0]
Vehicle1: [59.3366637237,18.0689392168,0.0]
Vehicle1: [59.3366638808,18.0689424712,0.0]
Vehicle1: [59.3366640379,18.0689457256,0.0]
Vehicle1: [59.336664195,18.06894898,0.0]
Vehicle1: [59.3366643521,18.0689522344,0.0]
Vehicle1: [59.3366645092,18.0689554888,0.0]
Vehicle1: [59.3366646663,18.0689587432,0.0]
Vehicle1: [59.3366648234,18.0689619976,0.0]
Vehicle1: [59.3366649805,18.068965252,0.0]
Vehicle1: [59.3366651376,18.0689685064,0.0]
Vehicle1: [59.3366652947,18.0689717608,0.0]
Vehicle1: [59.3366654518,18.0689750152,0.0]
Vehicle1: [59.3366656089,18.0689782696,0.0]
Vehicle1: [59.336665766,18.068981524,0.0]
Vehicle1: [59.3366659231,18.0689847784,0.0]
Vehicle1: [59.3366660802,18.0689880328,0.0]
Vehicle1: [59.3366662373,18.0689912872,0.0]
Vehicle1: [59.3366663944,18.0689945416,0.0]
Vehicle1: [59.3366665515,18.068997796,0.0]
Vehicle1: [59.3366667086,18.0690010504,0.0]
Vehicle1: [59.3366668657,18.0690043048,0.0]
Vehicle1: [59.3366670228,18.0690075592,0.0]
Vehicle1: [59.3366671799,18.0690108136,0.0]
Vehicle1: [59.336667337,18.069014068,0.0]
Vehicle1: [59.3366674941,18.0690173224,0.0]
Vehicle1: [59.3366676512,18.0690205768,0.0]
Vehicle1: [59.3366678083,18.0690238312,0.0]
Vehicle1: [59.3366679654,18.0690270856,0.0]
Vehicle1: [59.3366681225,18.06903034,0.0]
Vehicle1: [59.3366682796,18.0690335944,0.0]
Vehicle1: [59.3366684367,18.0690368488,0.0]
Vehicle1: [59.3366685938,18.0690401032,0.0]
Vehicle1: [59.3366687509,18.0690433576,0.0]
Vehicle1: [59.336668908,18.069046612,0.0]
Vehicle1: [59.3366690651,18.0690498664,0.0]
Vehicle1: [59.3366692222,18.0690531208,0.0]
Vehicle1: [59.3366693793,18.0690563752,0.0]
Vehicle1: [59.3366695364,18.0690596296,0.0]
Vehicle1: [59.3366696935,18.069062884,0.0]
Vehicle1: [59.3366698506,18.0690661384,0.0]
Vehicle1: [59.3366700077,18.0690693928,0.0]
Vehicle1: [59.3366701648,18.0690726472,0.0]
Vehicle1: [59.3366703219,18.0690759016,0.0]
Vehicle1: [59.336670479,18.069079156,0.0]
Vehicle1: [59.3366706361,18.0690824104,0.0]
Vehicle1: [59.3366707932,18.0690856648,0.0]
Vehicle1: [59.3366709503,18.0690889192,0.0]
Vehicle1: [59.3366711074,18.0690921736,0.0]
Vehicle1: [59.3366712645,18.069095428,0.0]
Vehicle1: [59.3366714216,18.0690986824,0.0]
Vehicle1: [59.3366715787,18.0691019368,0.0]
Vehicle1: [59.3366717358,18.0691051912,0.0]
Vehicle1: [59.3366718929,18.0691084456,0.0]
Vehicle1: [59.33667205,18.0691117,0.0]
Vehicle1: [59.3366722071,18.0691149544,0.0]
Vehicle1: [59.3366723642,18.0691182088,0.0]
Vehicle1: [59.3366725213,18.0691214632,0.0]
Vehicle1: [59.3366726784,18.0691247176,0.0]
Vehicle1: [59.3366728355,18.069127972,0.0]
Vehicle1: [59.3366729926,18.0691312264,0.0]
Vehicle1: [59.3366731497,18.0691344808,0.0]
Vehicle1: [59.3366733068,18.0691377352,0.0]
Vehicle1: [59.3366734639,18.0691409896,0.0]
Vehicle1: [59.336673621,18.069144244,0.0]
Vehicle1: [59.3366737781,18.0691474984,0.0]
Vehicle1: [59.3366739352,18.0691507528,0.0]
Vehicle1: [59.3366740923,18.0691540072,0.0]
Vehicle1: [59.3366742494,18.0691572616,0.0]
Vehicle1: [59.3366744065,18.069160516,0.0]
Vehicle1: [59.3366745636,18.0691637704,0.0]
Vehicle1: [59.3366747207,18.0691670248,0.0]
Vehicle1: [59.3366748778,18.0691702792,0.0]
Vehicle1: [59.3366750349,18.0691735336,0.0]
Vehicle1: [59.336675192,18.069176788,0.0]
Vehicle1: [59.3366753491,18.0691800424,0.0]
Vehicle1: [59.3366755062,18.0691832968,0.0]
Vehicle1: [59.3366756633,18.0691865512,0.0]
Vehicle1: [59.3366758204,18.0691898056,0.0]
Vehicle1: [59.3366759775,18.06919306,0.0]
Vehicle1: [59.3366761346,18.0691963144,0.0]
Vehicle1: [59.3366762917,18.0691995688,0.0]
Vehicle1: [59.3366764488,18.0692028232,0.0]
Vehicle1: [59.3366766059,18.0692060776,0.0]
Vehicle1: [59.336676763,18.069209332,0.0]
Vehicle1: [59.3366769201,18.0692125864,0.0]
Vehicle1: [59.3366770772,18.0692158408,0.0]
Vehicle1: [59.3366772343,18.0692190952,0.0]
Vehicle1: [59.3366773914,18.0692223496,0.0]
Vehicle1: [59.3366775485,18.069225604,0.0]
Vehicle1: [59.3366777056,18.0692288584,0.0]
Vehicle1: [59.3366778627,18.0692321128,0.0]
Vehicle1: [59.3366780198,18.0692353672,0.0]
Vehicle1: [59.3366781769,18.0692386216,0.0]
Vehicle1: [59.336678334,18.069241876,0.0]
Vehicle1: [59.3366784911,18.0692451304,0.0]
Vehicle1: [59.3366786482,18.0692483848,0.0]
Vehicle1: [59.3366788053,18.0692516392,0.0]
Vehicle1: [59.3366789624,18.0692548936,0.0]
Vehicle1: [59.3366791195,18.069258148,0.0]
Vehicle1: [59.3366792766,18.0692614024,0.0]
Vehicle1: [59.3366794337,18.0692646568,0.0]
Vehicle1: [59.3366795908,18.0692679112,0.0]
Vehicle1: [59.3366797479,18.0692711656,0.0]
Vehicle1: [59.336679905,18.06927442,0.0]
Vehicle1: [59.3366800621,18.0692776744,0.0]
Vehicle1: [59.3366802192,18.0692809288,0.0]
Vehicle1: [59.3366803763,18.0692841832,0.0]
Vehicle1: [59.3366805334,18.0692874376,0.0]
Vehicle1: [59.3366806905,18.069290692,0.0]
Vehicle1: [59.3366808476,18.0692939464,0.0]
Vehicle1: [59.3366810047,18.0692972008,0.0]
Vehicle1: [59.3366811618,18.0693004552,0.0]
Vehicle1: [59.3366813189,18.0693037096,0.0]
Vehicle1: [59.336681476,18.069306964,0.0]
Vehicle1: [59.3366816331,18.0693102184,0.0]
Vehicle1: [59.3366817902,18.0693134728,0.0]
Vehicle1: [59.3366819473,18.0693167272,0.0]
Vehicle1: [59.3366821044,18.0693199816,0.0]
Vehicle1: [59.3366822615,18.069323236,0.0]
Vehicle1: [59.3366824186,18.0693264904,0.0]
Vehicle1: [59.3366825757,18.0693297448,0.0]
Vehicle1: [59.3366827328,18.0693329992,0.0]
Vehicle1: [59.3366828899,18.0693362536,0.0]
Vehicle1: [59.336683047,18.069339508,0.0]
Vehicle1: [59.3366832041,18.0693427624,0.0]
Vehicle1: [59.3366833612,18.0693460168,0.0]
Vehicle1: [59.3366835183,18.0693492712,0.0]
Vehicle1: [59.3366836754,18.0693525256,0.0]
Vehicle1: [59.3366838325,18.06935578,0.0]
Vehicle1: [59.3366839896,18.0693590344,0.0]
Vehicle1: [59.3366841467,18.0693622888,0.0]
Vehicle1: [59.3366843038,18.0693655432,0.0]
Vehicle1: [59.3366844609,18.0693687976,0.0]
Vehicle1: [59.336684618,18.069372052,0.0]
Vehicle1: [59.3366847751,18.0693753064,0.0]
Vehicle1: [59.3366849322,18.0693785608,0.0]
Vehicle1: [59.3366850893,18.0693818152,0.0]
Vehicle1: [59.3366852464,18.0693850696,0.0]
Vehicle1: [59.3366854035,18.069388324,0.0]
Vehicle1: [59.3366855606,18.0693915784,0.0]
Vehicle1: [59.3366857177,18.0693948328,0.0]
Vehicle1: [59.3366858748,18.0693980872,0.0]
Vehicle1: [59.3366860319,18.0694013416,0.0]
Vehicle1: [59.336686189,18.069404596,0.0]
Vehicle1: [59.3366863461,18.0694078504,0.0]
Vehicle1: [59.3366865032,18.0694111048,0.0]
Vehicle1: [59.3366866603,18.0694143592,0.0]
Vehicle1: [59.3366868174,18.0694176136,0.0]
Vehicle1: [59.3366869745,18.069420868,0.0]
Vehicle1: [59.3366871316,18.0694241224,0.0]
Vehicle1: [59.3366872887,18.0694273768,0.0]
Vehicle1: [59.3366874458,18.0694306312,0.0]
Vehicle1: [59.3366876029,18.0694338856,0.0]
Vehicle1: [59.33668776,18.06943714,0.0]
Vehicle1: [59.3366879171,18.0694403944,0.0]
Vehicle1: [59.3366880742,18.0694436488,0.0]
Vehicle1: [59.3366882313,18.0694469032,0.0]
Vehicle1: [59.3366883884,18.0694501576,0.0]
Vehicle1: [59.3366885455,18.069453412,0.0]
Vehicle1: [59.3366887026,18.0694566664,0.0]
Vehicle1: [59.3366888597,18.0694599208,0.0]
Vehicle1: [59.3366890168,18.0694631752,0.0]
Vehicle1: [59.3366891739,18.0694664296,0.0]
Vehicle1: [59.336689331,18.069469684,0.0]
Vehicle1: [59.3366894881,18.0694729384,0.0]
Vehicle1: [59.3366896452,18.0694761928,0.0]
Vehicle1: [59.3366898023,18.0694794472,0.0]
Vehicle1: [59.3366899594,18.0694827016,0.0]
Vehicle1: [59.3366901165,18.069485956,0.0]
Vehicle1: [59.3366902736,18.0694892104,0.0]
Vehicle1: [59.3366904307,18.0694924648,0.0]
Vehicle1: [59.3366905878,18.0694957192,0.0]
Vehicle1: [59.3366907449,18.0694989736,0.0]
Vehicle1: [59.336690902,18.069502228,0.0]
Vehicle1: [59.3366910591,18.0695054824,0.0]
Vehicle1: [59.3366912162,18.0695087368,0.0]
Vehicle1: [59.3366913733,18.0695119912,0.0]
Vehicle1: [59.3366915304,18.0695152456,0.0]
Vehicle1: [59.3366916875,18.0695185,0.0]
Vehicle1: [59.3366918446,18.0695217544,0.0]
Vehicle1: [59.3366920017,18.0695250088,0.0]
Vehicle1: [59.3366921588,18.0695282632,0.0]
Vehicle1: [59.3366923159,18.0695315176,0.0]
Vehicle1: [59.336692473,18.069534772,0.0]
Vehicle1: [59.3366926301,18.0695380264,0.0]
Vehicle1: [59.3366927872,18.0695412808,0.0]
Vehicle1: [59.3366929443,18.0695445352,0.0]
Vehicle1: [59.3366931014,18.0695477896,0.0]
Vehicle1: [59.3366932585,18.069551044,0.0]
Vehicle1: [59.3366934156,18.0695542984,0.0]
Vehicle1: [59.3366935727,18.0695575528,0.0]
Vehicle1: [59.3366937298,18.0695608072,0.0]
Vehicle1: [59.3366938869,18.0695640616,0.0]
Vehicle1: [59.336694044,18.069567316,0.0]
Vehicle1: [59.3366942011,18.0695705704,0.0]
Vehicle1: [59.3366943582,18.0695738248,0.0]
Vehicle1: [59.3366945153,18.0695770792,0.0]
Vehicle1: [59.3366946724,18.0695803336,0.0]
Vehicle1: [59.3366948295,18.069583588,0.0]
Vehicle1: [59.3366949866,18.0695868424,0.0]
Vehicle1: [59.3366951437,18.0695900968,0.0]
Vehicle1: [59.3366953008,18.0695933512,0.0]
Vehicle1: [59.3366954579,18.0695966056,0.0]
Vehicle1: [59.336695615,18.06959986,0.0]
Vehicle1: [59.3366957721,18.0696031144,0.0]
Vehicle1: [59.3366959292,18.0696063688,0.0]
Vehicle1: [59.3366960863,18.0696096232,0.0]
Vehicle1: [59.3366962434,18.0696128776,0.0]
Vehicle1: [59.3366964005,18.069616132,0.0]
Vehicle1: [59.3366965576,18.0696193864,0.0]
Vehicle1: [59.3366967147,18.0696226408,0.0]
Vehicle1: [59.3366968718,18.0696258952,0.0]
Vehicle1: [59.3366970289,18.0696291496,0.0]
Vehicle1: [59.336697186,18.069632404,0.0]
Vehicle1: [59.3366973431,18.0696356584,0.0]
Vehicle1: [59.3366975002,18.0696389128,0.0]
Vehicle1: [59.3366976573,18.0696421672,0.0]
Vehicle1: [59.3366978144,18.0696454216,0.0]
Vehicle1: [59.3366979715,18.069648676,0.0]
Vehicle1: [59.3366981286,18.0696519304,0.0]
Vehicle1: [59.3366982857,18.0696551848,0.0]
Vehicle1: [59.3366984428,18.0696584392,0.0]
Vehicle1: [59.3366985999,18.0696616936,0.0]
Vehicle1: [59.336698757,18.069664948,0.0]
Vehicle1: [59.3366989141,18.0696682024,0.0]
Vehicle1: [59.3366990712,18.0696714568,0.0]
Vehicle1: [59.3366992283,18.0696747112,0.0]
Vehicle1: [59.3366993854,18.0696779656,0.0]
Vehicle1: [59.3366995425,18.06968122,0.0]
Vehicle1: [59.3366996996,18.0696844744,0.0]
Vehicle1: [59.3366998567,18.0696877288,0.0]
Vehicle1: [59.3367000138,18.0696909832,0.0]
Vehicle1: [59.3367001709,18.0696942376,0.0]
Vehicle1: [59.336700328,18.069697492,0.0]
Vehicle1: [59.3367004851,18.0697007464,0.0]
Vehicle1: [59.3367006422,18.0697040008,0.0]
Vehicle1: [59.3367007993,18.0697072552,0.0]
Vehicle1: [59.3367009564,18.0697105096,0.0]
Vehicle1: [59.3367011135,18.069713764,0.0]
Vehicle1: [59.3367012706,18.0697170184,0.0]
Vehicle1: [59.3367014277,18.0697202728,0.0]
Vehicle1: [59.3367015848,18.0697235272,0.0]
Vehicle1: [59.3367017419,18.0697267816,0.0]
Vehicle1: [59.336701899,18.069730036,0.0]
Vehicle1: [59.3367020561,18.0697332904,0.0]
Vehicle1: [59.3367022132,18.0697365448,0.0]
Vehicle1: [59.3367023703,18.0697397992,0.0]
Vehicle1: [59.3367025274,18.0697430536,0.0]
Vehicle1: [59.3367026845,18.069746308,0.0]
Vehicle1: [59.3367028416,18.0697495624,0.0]
Vehicle1: [59.3367029987,18.0697528168,0.0]
Vehicle1: [59.3367031558,18.0697560712,0.0]
Vehicle1: [59.3367033129,18.0697593256,0.0]
Vehicle1: [59.33670347,18.06976258,0.0]
Vehicle1: [59.3367036271,18.0697658344,0.0]
Vehicle1: [59.3367037842,18.0697690888,0.0]
Vehicle1: [59.3367039413,18.0697723432,0.0]
Vehicle1: [59.3367040984,18.0697755976,0.0]
Vehicle1: [59.3367042555,18.069778852,0.0]
Vehicle1: [59.3367044126,18.0697821064,0.0]
Vehicle1: [59.3367045697,18.0697853608,0.0]
Vehicle1: [59.3367047268,18.0697886152,0.0]
Vehicle1: [59.3367048839,18.0697918696,0.0]
Vehicle1: [59.336705041,18.069795124,0.0]
Vehicle1: [59.3367051981,18.0697983784,0.0]
Vehicle1: [59.3367053552,18.0698016328,0.0]
Vehicle1: [59.3367055123,18.0698048872,0.0]
Vehicle1: [59.3367056694,18.0698081416,0.0]
Vehicle1: [59.3367058265,18.069811396,0.0]
Vehicle1: [59.3367059836,18.0698146504,0.0]
Vehicle1: [59.3367061407,18.0698179048,0.0]
Vehicle1: [59.3367062978,18.0698211592,0.0]
Vehicle1: [59.3367064549,18.0698244136,0.0]
Vehicle1: [59.336706612,18.069827668,0.0]
Vehicle1: [59.3367067691,18.0698309224,0.0]
Vehicle1: [59.3367069262,18.0698341768,0.0]
Vehicle1: [59.3367070833,18.0698374312,0.0]
Vehicle1: [59.3367072404,18.0698406856,0.0]
Vehicle1: [59.3367073975,18.06984394,0.0]
Vehicle1: [59.3367075546,18.0698471944,0.0]
Vehicle1: [59.3367077117,18.0698504488,0.0]
Vehicle1: [59.3367078688,18.0698537032,0.0]
Vehicle1: [59.3367080259,18.0698569576,0.0]
Vehicle1: [59.336708183,18.069860212,0.0]
Vehicle1: [59.3367083401,18.0698634664,0.0]
Vehicle1: [59.3367084972,18.0698667208,0.0]
Vehicle1: [59.3367086543,18.0698699752,0.0]
Vehicle1: [59.3367088114,18.0698732296,0.0]
Vehicle1: [59.3367089685,18.069876484,0.0]
Vehicle1: [59.3367091256,18.0698797384,0.0]
Vehicle1: [59.3367092827,18.0698829928,0.0]
Vehicle1: [59.3367094398,18.0698862472,0.0]
Vehicle1: [59.3367095969,18.0698895016,0.0]
Vehicle1: [59.336709754,18.069892756,0.0]
Vehicle1: [59.3367099111,18.0698960104,0.0]
Vehicle1: [59.3367100682,18.0698992648,0.0]
Vehicle1: [59.3367102253,18.0699025192,0.0]
Vehicle1: [59.3367103824,18.0699057736,0.0]
Vehicle1: [59.3367105395,18.069909028,0.0]
Vehicle1: [59.3367106966,18.0699122824,0.0]
Vehicle1: [59.3367108537,18.0699155368,0.0]
Vehicle1: [59.3367110108,18.0699187912,0.0]
Vehicle1: [59.3367111679,18.0699220456,0.0]
Vehicle1: [59.336711325,18.0699253,0.0]
Vehicle1: [59.3367114821,18.0699285544,0.0]
Vehicle1: [59.3367116392,18.0699318088,0.0]
Vehicle1: [59.3367117963,18.0699350632,0.0]
Vehicle1: [59.3367119534,18.0699383176,0.0]
Vehicle1: [59.3367121105,18.069941572,0.0]
Vehicle1: [59.3367122676,18.0699448264,0.0]
Vehicle1: [59.3367124247,18.0699480808,0.0]
Vehicle1: [59.3367125818,18.0699513352,0.0]
Vehicle1: [59.3367127389,18.0699545896,0.0]
Vehicle1: [59.336712896,18.069957844,0.0]
Vehicle1: [59.3367130531,18.0699610984,0.0]
Vehicle1: [59.3367132102,18.0699643528,0.0]
Vehicle1: [59.3367133673,18.0699676072,0.0]
Vehicle1: [59.3367135244,18.0699708616,0.0]
Vehicle1: [59.3367136815,18.069974116,0.0]
Vehicle1: [59.3367138386,18.0699773704,0.0]
Vehicle1: [59.3367139957,18.0699806248,0.0]
Vehicle1: [59.3367141528,18.0699838792,0.0]
Vehicle1: [59.3367143099,18.0699871336,0.0]
Vehicle1: [59.336714467,18.069990388,0.0]
Vehicle1: [59.3367146241,18.0699936424,0.0]
Vehicle1: [59.3367147812,18.0699968968,0.0]
Vehicle1: [59.3367149383,18.0700001512,0.0]
Vehicle1: [59.3367150954,18.0700034056,0.0]
Vehicle1: [59.3367152525,18.07000666,0.0]
Vehicle1: [59.3367154096,18.0700099144,0.0]
Vehicle1: [59.3367155667,18.0700131688,0.0]
Vehicle1: [59.3367157238,18.0700164232,0.0]
Vehicle1: [59.3367158809,18.0700196776,0.0]
Vehicle1: [59.336716038,18.070022932,0.0]
Vehicle1: [59.3367161951,18.0700261864,0.0]
Vehicle1: [59.3367163522,18.0700294408,0.0]
Vehicle1: [59.3367165093,18.0700326952,0.0]
Vehicle1: [59.3367166664,18.0700359496,0.0]
Vehicle1: [59.3367168235,18.070039204,0.0]
Vehicle1: [59.3367169806,18.0700424584,0.0]
Vehicle1: [59.3367171377,18.0700457128,0.0]
Vehicle1: [59.3367172948,18.0700489672,0.0]
Vehicle1: [59.3367174519,18.0700522216,0.0]
Vehicle1: [59.336717609,18.070055476,0.0]
Vehicle1: [59.3367177661,18.0700587304,0.0]
Vehicle1: [59.3367179232,18.0700619848,0.0]
Vehicle1: [59.3367180803,18.0700652392,0.0]
Vehicle1: [59.3367182374,18.0700684936,0.0]
Vehicle1: [59.3367183945,18.070071748,0.0]
Vehicle1: [59.3367185516,18.0700750024,0.0]
Vehicle1: [59.3367187087,18.0700782568,0.0]
Vehicle1: [59.3367188658,18.0700815112,0.0]
Vehicle1: [59.3367190229,18.0700847656,0.0]
Vehicle1: [59.33671918,18.07008802,0.0]
Vehicle1: [59.3367193371,18.0700912744,0.0]
Vehicle1: [59.3367194942,18.0700945288,0.0]
Vehicle1: [59.3367196513,18.0700977832,0.0]
Vehicle1: [59.3367198084,18.0701010376,0.0]
Vehicle1: [59.3367199655,18.070104292,0.0]
Vehicle1: [59.3367201226,18.0701075464,0.0]
Vehicle1: [59.3367202797,18.0701108008,0.0]
Vehicle1: [59.3367204368,18.0701140552,0.0]
Vehicle1: [59.3367205939,18.0701173096,0.0]
Vehicle1: [59.336720751,18.070120564,0.0]
Vehicle1: [59.3367209081,18.0701238184,0.0]
Vehicle1: [59.3367210652,18.0701270728,0.0]
Vehicle1: [59.3367212223,18.0701303272,0.0]
Vehicle1: [59.3367213794,18.0701335816,0.0]
Vehicle1: [59.3367215365,18.070136836,0.0]
Vehicle1: [59.3367216936,18.0701400904,0.0]
Vehicle1: [59.3367218507,18.0701433448,0.0]
Vehicle1: [59.3367220078,18.0701465992,0.0]
Vehicle1: [59.3367221649,18.0701498536,0.0]
Vehicle1: [59.336722322,18.070153108,0.0]
Vehicle1: [59.3367224791,18.0701563624,0.0]
Vehicle1: [59.3367226362,18.0701596168,0.0]
Vehicle1: [59.3367227933,18.0701628712,0.0]
Vehicle1: [59.3367229504,18.0701661256,0.0]
Vehicle1: [59.3367231075,18.07016938,0.0]
Vehicle1: [59.3367232646,18.0701726344,0.0]
Vehicle1: [59.3367234217,18.0701758888,0.0]
Vehicle1: [59.3367235788,18.0701791432,0.0]
Vehicle1: [59.3367237359,18.0701823976,0.0]
Vehicle1: [59.336723893,18.070185652,0.0]
Vehicle1: [59.3367240501,18.0701889064,0.0]
Vehicle1: [59.3367242072,18.0701921608,0.0]
Vehicle1: [59.3367243643,18.0701954152,0.0]
Vehicle1: [59.3367245214,18.0701986696,0.0]
Vehicle1: [59.3367246785,18.070201924,0.0]
Vehicle1: [59.3367248356,18.0702051784,0.0]
Vehicle1: [59.3367249927,18.0702084328,0.0]
Vehicle1: [59.3367251498,18.0702116872,0.0]
Vehicle1: [59.3367253069,18.0702149416,0.0]
Vehicle1: [59.336725464,18.070218196,0.0]
Vehicle1: [59.3367256211,18.0702214504,0.0]
Vehicle1: [59.3367257782,18.0702247048,0.0]
Vehicle1: [59.3367259353,18.0702279592,0.0]
Vehicle1: [59.3367260924,18.0702312136,0.0]
Vehicle1: [59.3367262495,18.070234468,0.0]
Vehicle1: [59.3367264066,18.0702377224,0.0]
Vehicle1: [59.3367265637,18.0702409768,0.0]
Vehicle1: [59.3367267208,18.0702442312,0.0]
Vehicle1: [59.3367268779,18.0702474856,0.0]
Vehicle1: [59.336727035,18.07025074,0.0]
Vehicle1: [59.3367271921,18.0702539944,0.0]
Vehicle1: [59.3367273492,18.0702572488,0.0]
Vehicle1: [59.3367275063,18.0702605032,0.0]
Vehicle1: [59.3367276634,18.0702637576,0.0]
Vehicle1: [59.3367278205,18.070267012,0.0]
Vehicle1: [59.3367279776,18.0702702664,0.0]
Vehicle1: [59.3367281347,18.0702735208,0.0]
Vehicle1: [59.3367282918,18.0702767752,0.0]
Vehicle1: [59.3367284489,18.0702800296,0.0]
Vehicle1: [59.336728606,18.070283284,0.0]
Vehicle1: [59.3367287631,18.0702865384,0.0]
Vehicle1: [59.3367289202,18.0702897928,0.0]
Vehicle1: [59.3367290773,18.0702930472,0.0]
Vehicle1: [59.3367292344,18.0702963016,0.0]
Vehicle1: [59.3367293915,18.070299556,0.0]
Vehicle1: [59.3367295486,18.0703028104,0.0]
Vehicle1: [59.3367297057,18.0703060648,0.0]
Vehicle1: [59.3367298628,18.0703093192,0.0]
Vehicle1: [59.3367300199,18.0703125736,0.0]
Vehicle1: [59.336730177,18.070315828,0.0]
Vehicle1: [59.3367303341,18.0703190824,0.0]
Vehicle1: [59.3367304912,18.0703223368,0.0]
Vehicle1: [59.3367306483,18.0703255912,0.0]
Vehicle1: [59.3367308054,18.0703288456,0.0]
Vehicle1: [59.3367309625,18.0703321,0.0]
Vehicle1: [59.3367311196,18.0703353544,0.0]
Vehicle1: [59.3367312767,18.0703386088,0.0]
Vehicle1: [59.3367314338,18.0703418632,0.0]
Vehicle1: [59.3367315909,18.0703451176,0.0]
Vehicle1: [59.336731748,18.070348372,0.0]
Vehicle1: [59.3367319051,18.0703516264,0.0]
Vehicle1: [59.3367320622,18.0703548808,0.0]
Vehicle1: [59.3367322193,18.0703581352,0.0]
Vehicle1: [59.3367323764,18.0703613896,0.0]
Vehicle1: [59.3367325335,18.070364644,0.0]
Vehicle1: [59.3367326906,18.0703678984,0.0]
Vehicle1: [59.3367328477,18.0703711528,0.0]
Vehicle1: [59.3367330048,18.0703744072,0.0]
Vehicle1: [59.3367331619,18.0703776616,0.0]
Vehicle1: [59.336733319,18.070380916,0.0]
Vehicle1: [59.3367334761,18.0703841704,0.0]
Vehicle1: [59.3367336332,18.0703874248,0.0]
Vehicle1: [59.3367337903,18.0703906792,0.0]
Vehicle1: [59.3367339474,18.0703939336,0.0]
Vehicle1: [59.3367341045,18.070397188,0.0]
Vehicle1: [59.3367342616,18.0704004424,0.0]
Vehicle1: [59.3367344187,18.0704036968,0.0]
Vehicle1: [59.3367345758,18.0704069512,0.0]
Vehicle1: [59.3367347329,18.0704102056,0.0]
Vehicle1: [59.33673489,18.07041346,0.0]
Vehicle1: [59.3367350471,18.0704167144,0.0]
Vehicle1: [59.3367352042,18.0704199688,0.0]
Vehicle1: [59.3367353613,18.0704232232,0.0]
Vehicle1: [59.3367355184,18.0704264776,0.0]
Vehicle1: [59.3367356755,18.070429732,0.0]
Vehicle1: [59.3367358326,18.0704329864,0.0]
Vehicle1: [59.3367359897,18.0704362408,0.0]
Vehicle1: [59.3367361468,18.0704394952,0.0]
Vehicle1: [59.3367363039,18.0704427496,0.0]
Vehicle1: [59.336736461,18.070446004,0.0]
Vehicle1: [59.3367366181,18.0704492584,0.0]
Vehicle1: [59.3367367752,18.0704525128,0.0]
Vehicle1: [59.3367369323,18.0704557672,0.0]
Vehicle1: [59.3367370894,18.0704590216,0.0]
Vehicle1: [59.3367372465,18.070462276,0.0]
Vehicle1: [59.3367374036,18.0704655304,0.0]
Vehicle1: [59.3367375607,18.0704687848,0.0]
Vehicle1: [59.3367377178,18.0704720392,0.0]
Vehicle1: [59.3367378749,18.0704752936,0.0]
Vehicle1: [59.336738032,18.070478548,0.0]
Vehicle1: [59.3367381891,18.0704818024,0.0]
Vehicle1: [59.3367383462,18.0704850568,0.0]
Vehicle1: [59.3367385033,18.0704883112,0.0]
Vehicle1: [59.3367386604,18.0704915656,0.0]
Vehicle1: [59.3367388175,18.07049482,0.0]
Vehicle1: [59.3367389746,18.0704980744,0.0]
Vehicle1: [59.3367391317,18.0705013288,0.0]
Vehicle1: [59.3367392888,18.0705045832,0.0]
Vehicle1: [59.3367394459,18.0705078376,0.0]
Vehicle1: [59.336739603,18.070511092,0.0]
Vehicle1: [59.3367397601,18.0705143464,0.0]
Vehicle1: [59.3367399172,18.0705176008,0.0]
Vehicle1: [59.3367400743,18.0705208552,0.0]
Vehicle1: [59.3367402314,18.0705241096,0.0]
Vehicle1: [59.3367403885,18.070527364,0.0]
Vehicle1: [59.3367405456,18.0705306184,0.0]
Vehicle1: [59.3367407027,18.0705338728,0.0]
Vehicle1: [59.3367408598,18.0705371272,0.0]
Vehicle1: [59.3367410169,18.0705403816,0.0]
Vehicle1: [59.336741174,18.070543636,0.0]
Vehicle1: [59.3367413311,18.0705468904,0.0]
Vehicle1: [59.3367414882,18.0705501448,0.0]
Vehicle1: [59.3367416453,18.0705533992,0.0]
Vehicle1: [59.3367418024,18.0705566536,0.0]
Vehicle1: [59.3367419595,18.070559908,0.0]
Vehicle1: [59.3367421166,18.0705631624,0.0]
Vehicle1: [59.3367422737,18.0705664168,0.0]
Vehicle1: [59.3367424308,18.0705696712,0.0]
Vehicle1: [59.3367425879,18.0705729256,0.0]
Vehicle1: [59.336742745,18.07057618,0.0]
Vehicle1: [59.3367429021,18.0705794344,0.0]
Vehicle1: [59.3367430592,18.0705826888,0.0]
Vehicle1: [59.3367432163,18.0705859432,0.0]
Vehicle1: [59.3367433734,18.0705891976,0.0]
Vehicle1: [59.3367435305,18.070592452,0.0]
Vehicle1: [59.3367436876,18.0705957064,0.0]
Vehicle1: [59.3367438447,18.0705989608,0.0]
Vehicle1: [59.3367440018,18.0706022152,0.0]
Vehicle1: [59.3367441589,18.0706054696,0.0]
Vehicle1: [59.336744316,18.070608724,0.0]
Vehicle1: [59.3367444731,18.0706119784,0.0]
Vehicle1: [59.3367446302,18.0706152328,0.0]
Vehicle1: [59.3367447873,18.0706184872,0.0]
Vehicle1: [59.3367449444,18.0706217416,0.0]
Vehicle1: [59.3367451015,18.070624996,0.0]
Vehicle1: [59.3367452586,18.0706282504,0.0]
Vehicle1: [59.3367454157,18.0706315048,0.0]
Vehicle1: [59.3367455728,18.0706347592,0.0]
Vehicle1: [59.3367457299,18.0706380136,0.0]
Vehicle1: [59.336745887,18.070641268,0.0]
Vehicle1: [59.3367460441,18.0706445224,0.0]
Vehicle1: [59.3367462012,18.0706477768,0.0]
Vehicle1: [59.3367463583,18.0706510312,0.0]
Vehicle1: [59.3367465154,18.0706542856,0.0]
Vehicle1: [59.3367466725,18.07065754,0.0]
Vehicle1: [59.3367468296,18.0706607944,0.0]
Vehicle1: [59.3367469867,18.0706640488,0.0]
Vehicle1: [59.3367471438,18.0706673032,0.0]
Vehicle1: [59.3367473009,18.0706705576,0.0]
Vehicle1: [59.336747458,18.070673812,0.0]
Vehicle1: [59.3367476151,18.0706770664,0.0]
Vehicle1: [59.3367477722,18.0706803208,0.0]
Vehicle1: [59.3367479293,18.0706835752,0.0]
Vehicle1: [59.3367480864,18.0706868296,0.0]
Vehicle1: [59.3367482435,18.070690084,0.0]
Vehicle1: [59.3367484006,18.0706933384,0.0]
Vehicle1: [59.3367485577,18.0706965928,0.0]
Vehicle1: [59.3367487148,18.0706998472,0.0]
Vehicle1: [59.3367488719,18.0707031016,0.0]
Vehicle1: [59.336749029,18.070706356,0.0]
Vehicle1: [59.3367491861,18.0707096104,0.0]
Vehicle1: [59.3367493432,18.0707128648,0.0]
Vehicle1: [59.3367495003,18.0707161192,0.0]
Vehicle1: [59.3367496574,18.0707193736,0.0]
Vehicle1: [59.3367498145,18.070722628,0.0]
Vehicle1: [59.3367499716,18.0707258824,0.0]
Vehicle1: [59.3367501287,18.0707291368,0.0]
Vehicle1: [59.3367502858,18.0707323912,0.0]
Vehicle1: [59.3367504429,18.0707356456,0.0]
Vehicle1: [59.3367506,18.0707389,0.0]
Vehicle1: [59.3367506,18.0707389,0.0]
Vehicle1: [59.3367506,18.0707389,0.0]
Vehicle1: [59.3367506,18.0707389,0.0]
Vehicle1: [59.3367506,18.0707389,0.0]
Vehicle1: [59.3367506,18.0707389,0.0]
Vehicle1: [59.3367506,18.0707389,0.0]
Vehicle1: [59.3367506,18.0707389,0.0]
Vehicle1: [59.3367506,18.0707389,0.0]
Vehicle1: [59.3367506,18.0707389,0.0]
Vehicle1: [59.3367506,18.0707389,0.0]
Vehicle1: [59.3367506,18.0707389,0.0]
Vehicle1: [59.3367506,18.0707389,0.0]
Vehicle1: [59.3367506,18.0707389,0.0]
Vehicle1: [59.3367506,18.0707389,0.0]
Vehicle1: [59.3367506,18.0707389,0.0]
Vehicle1: [59.3367506,18.0707389,0.0]
Vehicle1: [59.3367506,18.0707389,0.0]
Vehicle1: [59.3367506,18.0707389,0.0]
Vehicle1: [59.3367506,18.0707389,0.0]
Vehicle1: [59.3367506,18.0707389,0.0]
Vehicle1: [59.3367506,18.0707389,0.0]
Vehicle1: [59.3367506,18.0707389,0.0]
Vehicle1: [59.3367506,18.0707389,0.0]
Vehicle1: [59.3367506,18.0707389,0.0]
Vehicle1: [59.3367506,18.0707389,0.0]
Vehicle1: [59.3367506,18.0707389,0.0]
Vehicle1: [59.3367506,18.0707389,0.0]
Vehicle1: [59.3367506,18.0707389,0.0]
Vehicle1: [59.3367506,18.0707389,0.0]
Vehicle1: [59.3367506,18.0707389,0.0]
Vehicle1: [59.3367506,18.0707389,0.0]
Vehicle1: [59.3367506,18.0707389,0.0]
Vehicle1: [59.3367506,18.0707389,0.0]
Vehicle1: [59.3367506,18.0707389,0.0]
Vehicle1: [59.3367506,18.0707389,0.0]
Vehicle1: [59.3367506,18.0707389,0.0]
Vehicle1: [59.3367506,18.0707389,0.0]
Vehicle1: [59.3367506,18.0707389,0.0]
Vehicle1: [59.3367506,18.0707389,0.0]
Vehicle1: [59.3367506,18.0707389,0.0]
Vehicle1: [59.3367506,18.0707389,0.0]
Vehicle1: [59.3367506,18.0707389,0.0]
Vehicle1: [59.3367506,18.0707389,0.0]
Vehicle1: [59.3367506,18.0707389,0.0]
Vehicle1: [59.3367506,18.0707389,0.0]
Vehicle1: [59.3367506,18.0707389,0.0]
Vehicle1: [59.3367506,18.0707389,0.0]
Vehicle1: [59.3367506,18.0707389,0.0]
Vehicle1: [59.3367506,18.0707389,0.0]
Vehicle1: [59.3367506,18.0707389,0.0]
Vehicle1: [59.3367506,18.0707389,0.0]
Vehicle1: [59.3367506,18.0707389,0.0]
Vehicle1: [59.3367506,18.0707389,0.0]
Vehicle1: [59.3367506,18.0707389,0.0]
Vehicle1: [59.3367506,18.0707389,0.0]
Vehicle1: [59.3367506,18.0707389,0.0]
Vehicle1: [59.3367506,18.0707389,0.0]
Vehicle1: [59.3367506,18.0707389,0.0]
Vehicle1: [59.3367506,18.0707389,0.0]
Vehicle1: [59.3367506,18.0707389,0.0]
Vehicle1: [59.3367506,18.0707389,0.0]
Vehicle1: [59.3367506,18.0707389,0.0]
Vehicle1: [59.3367506,18.0707389,0.0]
Vehicle1: [59.3367506,18.0707389,0.0]
Vehicle1: [59.3367506,18.0707389,0.0]
Vehicle1: [59.3367506,18.0707389,0.0]
Vehicle1: [59.3367506,18.0707389,0.0]
Vehicle1: [59.3367506,18.0707389,0.0]
Vehicle1: [59.3367506,18.0707389,0.0]
Vehicle1: [59.3367506,18.0707389,0.0]
Vehicle1: [59.3367506,18.0707389,0.0]
Vehicle1: [59.3367506,18.0707389,0.0]
Vehicle1: [59.3367506,18.0707389,0.0]
Vehicle1: [59.3367506,18.0707389,0.0]
Vehicle1: [59.3367506,18.0707389,0.0]
Vehicle1: [59.3367506,18.0707389,0.0]
Vehicle1: [59.3367506,18.0707389,0.0]
Vehicle1: [59.3367506,18.0707389,0.0]
Vehicle1: [59.3367506,18.0707389,0.0]
Vehicle1: [59.3367506,18.0707389,0.0]
Vehicle1: [59.3367506,18.0707389,0.0]
Vehicle1: [59.3367506,18.0707389,0.0]
Vehicle1: [59.3367506,18.0707389,0.0]
Vehicle1: [59.3367506,18.0707389,0.0]
Vehicle1: [59.3367506,18.0707389,0.0]
Vehicle1: [59.3367506,18.0707389,0.0]
Vehicle1: [59.3367506,18.0707389,0.0]
Vehicle1: [59.3367506,18.0707389,0.0]
